0000000000000010 
0000000000001101 
0000000000100010 
0000000000100100 
0000000000110010 
0000000001000011 
0000000001001011 
0000000001010001 
0000000001010101 
0000000001011101 
0000000001101101 
0000000001101010 
0000000001101111 
0000000001111000 
0000000001110111 
0000000010000000 
0000000001111101 
0000000001110110 
0000000001110110 
0000000001110000 
0000000001110000 
0000000001110001 
0000000001100001 
0000000001011001 
0000000001010100 
0000000001001010 
0000000001000000 
0000000000111010 
0000000000101100 
0000000000100110 
0000000000010100 
0000000000010000 
0000000000000010 
1111111111111001 
1111111111101100 
1111111111011001 
1111111111001111 
1111111111001001 
1111111110111000 
1111111110111010 
1111111110101101 
1111111110100111 
1111111110011100 
1111111110010110 
1111111110011001 
1111111110010011 
1111111110010001 
1111111110001110 
1111111110001110 
1111111110001111 
1111111110010111 
1111111110010110 
1111111110011100 
1111111110101000 
1111111110101111 
1111111110110011 
1111111110110110 
1111111111000111 
1111111111001110 
1111111111011101 
1111111111100010 
1111111111110011 
1111111111111100 
0000000000000110 
0000000000001111 
0000000000011010 
0000000000101010 
0000000000111010 
0000000001000100 
0000000001001101 
0000000001010000 
0000000001011111 
0000000001100000 
0000000001101101 
0000000001101011 
0000000001110111 
0000000001111100 
0000000001111110 
0000000001111011 
0000000001111100 
0000000001111101 
0000000001110101 
0000000001110100 
0000000001110000 
0000000001100110 
0000000001100111 
0000000001011010 
0000000001010001 
0000000001001100 
0000000001000000 
0000000000111100 
0000000000110001 
0000000000100000 
0000000000010001 
0000000000000100 
