0000000000000000 
0000000000001101 
0000000000011001 
0000000000100110 
0000000000110010 
0000000000111101 
0000000001001000 
0000000001010010 
0000000001011100 
0000000001100100 
0000000001101100 
0000000001110010 
0000000001110111 
0000000001111011 
0000000001111110 
0000000010000000 
0000000010000000 
0000000001111111 
0000000001111101 
0000000001111001 
0000000001110100 
0000000001101110 
0000000001100111 
0000000001011111 
0000000001010110 
0000000001001101 
0000000001000010 
0000000000110111 
0000000000101011 
0000000000011111 
0000000000010010 
0000000000000101 
1111111111111001 
1111111111101100 
1111111111011111 
1111111111010011 
1111111111000111 
1111111110111100 
1111111110110010 
1111111110101000 
1111111110011111 
1111111110010111 
1111111110010000 
1111111110001011 
1111111110000110 
1111111110000011 
1111111110000001 
1111111110000000 
1111111110000000 
1111111110000010 
1111111110000101 
1111111110001001 
1111111110001111 
1111111110010101 
1111111110011101 
1111111110100110 
1111111110101111 
1111111110111010 
1111111111000101 
1111111111010000 
1111111111011100 
1111111111101001 
1111111111110101 
0000000000000010 
0000000000001111 
0000000000011100 
0000000000101000 
0000000000110100 
0000000000111111 
0000000001001010 
0000000001010100 
0000000001011101 
0000000001100110 
0000000001101101 
0000000001110011 
0000000001111000 
0000000001111100 
0000000001111110 
0000000010000000 
0000000010000000 
0000000001111111 
0000000001111100 
0000000001111000 
0000000001110011 
0000000001101101 
0000000001100110 
0000000001011110 
0000000001010101 
0000000001001011 
0000000001000000 
0000000000110101 
0000000000101001 
0000000000011101 
0000000000010000 
0000000000000011 
